((("_index_to_type" .
   [0 0 1 1 1 1 0 0 0 0 0 0 0 0])
  ("t_sum" .
   [1 0 0 0 0])
  ("token_count_dict" .
   [0 0 0 0 0 4 0 0 1 0 1 0 0 0 0 1])
  ("type_id" .
   [3 0 0 0 1 0 0])
  ("type_count_dict" .
   [0 0 0 0 0 0 0 0 1 0 2 0 0 0 0])
  ("not" .
   [1 0 0])
  ("if" .
   [1 0])
  ("_type_to_index" .
   [0 0 0 0 0 3 0 0 0 0 0 0 0 0])
  ("self" .
   [15 0 0 0])
  ("token" .
   [9 0 0 0 0])
  ("for" .
   [2 0 0])
  ("generate_comments" .
   [0 0 0 0 1 0 0 0 0 0 0 0 0 0 0 0 0])
  ("conn" .
   [1 0 0 0])
  ("PreProcess" .
   [0 0 0 0 0 1 0 0 0 0])
  ("pre_process_object" .
   [0 0 0 1 0 0 0 0 0 0 0 0 0 0 0 0 0 1])
  ("len" .
   [1 0 0])
  ("r_l_cn" .
   [1 0 0 1 0 0])
  ("import" .
   [1 0 0 0 0 0])
  ("pylab" .
   [1 0 0 0 0])
  ("numpy" .
   [1 0 0 0 0])
  ("sum" .
   [1 0 0])
  ("_trans" .
   [1 0 0 0 0 0])
  ("axis" .
   [1 0 0 0])
  ("t_sum_2" .
   [1 0 0 0 0 0 0])
  ("_trans2" .
   [3 0 0 0 0 0 0])
  ("_trans3" .
   [1 0 0 0 0 0 0])))
